
<?xml version="1.0" standalone="no"?>
<!DOCTYPE svg PUBLIC "-//W3C//DTD SVG 20010904//EN"
 "http://www.w3.org/TR/2001/REC-SVG-20010904/DTD/svg10.dtd">
<svg version="1.0" xmlns="http://www.w3.org/2000/svg"
 width="470.000000pt" height="378.000000pt" viewBox="0 0 470.000000 378.000000"
 preserveAspectRatio="xMidYMid meet">

<g transform="translate(0.000000,378.000000) scale(0.100000,-0.100000)"
fill="#000000" stroke="none">
<path d="M1052 3630 c-206 -56 -366 -206 -439 -412 -22 -62 -26 -90 -26 -193
-1 -107 3 -129 28 -204 45 -133 110 -220 230 -311 39 -29 71 -53 73 -55 1 -1
-22 -18 -51 -38 -132 -87 -230 -226 -267 -377 -18 -72 -18 -231 -1 -300 39
-154 135 -290 268 -378 29 -19 53 -36 53 -38 0 -2 -19 -16 -42 -30 -156 -98
-266 -273 -289 -459 -34 -265 106 -524 345 -643 282 -140 633 -42 811 227 26
38 45 52 45 32 0 -20 104 -142 157 -185 186 -148 448 -179 661 -79 105 49 207
138 266 232 15 22 30 41 34 41 4 0 18 -19 32 -42 63 -104 203 -213 334 -261
52 -19 81 -22 201 -21 128 0 146 2 210 28 306 119 470 423 399 739 -36 159
-146 310 -288 397 -36 21 -38 25 -21 34 58 34 145 109 186 159 182 227 187
541 12 779 -38 52 -146 148 -166 148 -9 0 -12 -73 -12 -298 l0 -297 -28 -60
c-47 -100 -120 -160 -225 -185 -143 -33 -301 48 -365 188 -17 36 -22 66 -22
132 0 74 4 92 28 140 45 87 118 147 221 180 27 9 34 15 25 21 -31 19 23 27
132 18 32 -3 35 -6 34 -31 -1 -15 0 -26 3 -23 3 2 13 -7 24 -20 11 -14 24 -25
29 -25 5 0 9 68 9 159 0 88 4 162 9 166 5 3 28 -2 50 -11 40 -16 42 -16 88 11
113 67 213 196 265 345 28 79 35 244 14 334 -51 218 -218 395 -433 462 -77 23
-226 29 -313 10 -156 -32 -306 -135 -396 -271 -20 -30 -38 -55 -40 -55 -2 0
-13 19 -25 43 -36 70 -153 177 -244 224 -106 54 -168 68 -300 68 -86 0 -126
-5 -180 -22 -132 -42 -254 -132 -332 -245 -26 -38 -47 -68 -48 -68 -1 0 -19
27 -39 59 -67 108 -210 215 -343 257 -26 8 -97 17 -158 19 -90 4 -123 2 -183
-15z m1359 -231 c11 -5 17 -14 14 -18 -2 -5 5 -11 16 -14 12 -3 18 -10 15 -15
-3 -5 17 -23 43 -41 27 -17 64 -48 82 -68 115 -132 107 -339 -18 -454 -69 -64
-123 -84 -223 -84 -78 0 -90 3 -150 35 -113 61 -177 176 -168 303 5 74 42 162
91 212 32 33 138 95 165 95 6 0 12 6 12 14 0 35 79 58 121 35z m1143 -14 c14
-13 26 -28 26 -33 0 -5 23 -23 51 -41 70 -46 96 -76 132 -151 27 -56 31 -76
31 -140 -1 -91 -26 -151 -91 -221 -63 -68 -127 -94 -233 -94 -71 0 -93 4 -135
25 -67 34 -122 90 -154 159 -37 80 -37 193 1 271 44 91 110 149 209 184 24 8
38 15 30 16 -11 0 -10 5 5 18 41 39 91 42 128 7z m-2264 -14 c16 -31 12 -65
-10 -89 -45 -48 -117 -10 -106 56 6 42 19 52 68 52 27 0 40 -5 48 -19z m1649
-688 c43 -67 98 -123 172 -178 35 -26 64 -48 64 -50 0 -2 -29 -24 -65 -50 -75
-55 -128 -110 -172 -178 l-30 -47 -48 69 c-52 74 -135 153 -187 179 -18 9 -33
20 -33 26 0 6 18 21 39 33 60 35 152 124 191 187 19 31 36 56 36 56 1 0 16
-21 33 -47z m-1127 -6 c40 -61 86 -109 159 -164 35 -26 64 -53 65 -58 0 -6
-23 -26 -51 -46 -27 -19 -64 -48 -80 -65 -41 -39 -115 -138 -115 -152 0 -24
-19 -11 -43 31 -39 66 -111 142 -180 187 -34 23 -62 43 -62 45 0 2 28 22 62
45 65 43 139 118 180 183 13 20 27 37 31 37 4 0 19 -19 34 -43z m-547 -407
c32 -12 58 -37 51 -48 -2 -4 16 -20 42 -34 90 -51 164 -152 166 -226 l1 -37
-61 -3 -60 -3 -23 49 c-39 84 -134 127 -220 101 -46 -14 -106 -67 -123 -108
-6 -14 -13 -104 -16 -198 l-4 -173 -64 0 -64 0 0 183 c1 146 4 191 18 229 35
97 109 172 201 203 18 7 36 16 40 21 10 16 65 53 78 54 6 0 24 -5 38 -10z
m1150 -12 c14 -6 24 -17 21 -23 -2 -6 20 -26 49 -43 97 -58 161 -153 178 -264
l6 -38 -77 -1 c-42 -1 -157 -2 -254 -2 l-178 -1 0 -24 c0 -58 66 -129 137
-147 81 -21 165 12 198 76 15 28 18 29 85 29 38 0 71 -4 74 -9 7 -10 -29 -86
-61 -127 -106 -140 -348 -149 -479 -19 -67 67 -89 124 -89 230 0 75 4 98 25
140 34 69 94 126 171 162 35 17 73 40 83 52 22 24 70 28 111 9z m-1195 -222
c0 -2 -7 -7 -16 -10 -8 -3 -12 -2 -9 4 6 10 25 14 25 6z m1722 -489 c45 -67
118 -140 185 -185 29 -19 53 -36 53 -38 0 -2 -24 -19 -54 -39 -65 -43 -171
-153 -194 -201 -8 -19 -19 -34 -22 -34 -4 0 -22 23 -40 51 -43 66 -123 147
-190 190 -45 29 -50 35 -35 44 92 54 195 153 241 233 10 17 19 32 20 32 1 0
17 -24 36 -53z m-1137 11 c45 -79 110 -141 232 -224 14 -9 8 -16 -40 -48 -65
-43 -171 -154 -195 -202 -19 -40 -27 -42 -43 -11 -38 71 -193 227 -227 227 -5
0 -15 6 -21 14 -9 11 -2 19 36 42 26 15 68 46 92 68 47 45 121 139 121 156 0
22 27 9 45 -22z m-530 -428 c17 -4 26 -8 20 -9 -5 -1 -3 -6 5 -11 8 -5 15 -15
15 -21 0 -7 17 -21 39 -32 125 -65 197 -210 175 -351 -12 -71 -36 -119 -85
-169 -68 -69 -116 -90 -215 -95 -77 -4 -93 -1 -142 21 -74 34 -131 88 -164
155 -24 49 -28 69 -28 142 0 107 26 170 96 235 46 43 137 95 167 95 7 0 11 4
7 9 -7 13 35 41 60 40 11 -1 34 -5 50 -9z m1153 -13 c6 -5 12 -14 12 -19 0
-13 41 -47 57 -48 7 0 36 -24 66 -53 162 -158 121 -430 -80 -528 -35 -18 -69
-25 -130 -27 -71 -4 -89 -1 -136 21 -74 34 -131 88 -164 155 -24 49 -28 69
-28 142 0 73 4 93 28 142 35 72 107 137 185 168 34 13 59 26 57 28 -5 6 17 27
35 35 19 7 81 -3 98 -16z m1112 -17 c38 -38 19 -95 -35 -106 -39 -7 -68 22
-67 68 1 55 62 78 102 38z"/>
<path d="M2288 3200 c-77 -23 -128 -95 -128 -180 0 -106 76 -180 186 -180 78
0 137 42 172 123 56 130 -89 280 -230 237z"/>
<path d="M3407 3196 c-75 -27 -117 -91 -117 -178 0 -99 70 -170 174 -176 54
-3 66 0 107 26 80 52 109 144 70 227 -22 48 -54 79 -103 100 -45 18 -81 19
-131 1z"/>
<path d="M2266 2065 c-22 -7 -48 -23 -60 -34 l-20 -21 159 0 160 1 -29 23
c-54 45 -137 57 -210 31z m104 -32 l45 -11 -60 1 c-33 0 -55 2 -48 4 7 2 9 12
6 21 -3 10 -2 13 4 6 4 -6 28 -15 53 -21z"/>
<path d="M1122 920 c-77 -47 -112 -125 -91 -203 36 -137 193 -190 297 -101 88
75 93 189 12 275 -47 51 -158 65 -218 29z"/>
<path d="M2255 920 c-121 -60 -128 -239 -14 -315 79 -52 177 -39 238 31 106
120 23 304 -136 304 -28 0 -65 -8 -88 -20z"/>
<path d="M3393 2061 c-47 -22 -90 -79 -103 -136 -23 -102 74 -215 184 -215 90
0 172 75 183 169 16 139 -134 243 -264 182z"/>
</g>
</svg>

<?xml version="1.0" standalone="no"?>
<!DOCTYPE svg PUBLIC "-//W3C//DTD SVG 20010904//EN"
 "http://www.w3.org/TR/2001/REC-SVG-20010904/DTD/svg10.dtd">
<svg version="1.0" xmlns="http://www.w3.org/2000/svg"
 width="400.000000pt" height="450.000000pt" viewBox="0 0 400.000000 450.000000"
 preserveAspectRatio="xMidYMid meet">

<g transform="translate(0.000000,450.000000) scale(0.100000,-0.100000)"
fill="#000000" stroke="none">
<path d="M0 3455 c0 -575 3 -1045 7 -1045 3 0 95 -18 202 -39 472 -96 648 -78
863 85 89 67 175 111 247 124 126 24 327 7 577 -49 477 -106 692 -90 909 66
170 123 319 134 717 57 278 -53 399 -74 441 -74 l37 0 0 960 0 960 -2000 0
-2000 0 0 -1045z m1537 -599 c5 -113 3 -136 -11 -164 -21 -41 -68 -62 -135
-62 -42 0 -53 4 -70 26 -12 15 -21 40 -20 58 1 46 22 109 38 114 10 3 12 0 7
-14 -5 -11 -10 -37 -14 -58 -4 -31 -1 -42 13 -53 25 -17 87 -17 131 2 32 13
34 16 29 52 -26 200 -26 213 -8 243 17 29 18 29 25 9 5 -12 11 -81 15 -153z
m82 37 c1 -100 -16 -93 222 -93 213 0 215 0 210 37 -2 12 33 53 45 53 4 0 4
-20 2 -45 l-6 -45 145 0 c128 0 144 2 149 18 10 32 21 47 37 50 13 3 14 -2 7
-27 -10 -34 -5 -41 27 -41 16 0 23 6 23 18 0 10 12 29 26 43 l26 24 -7 -42
c-6 -41 -6 -43 19 -43 22 0 26 4 21 23 -3 12 2 31 10 42 14 17 17 18 25 5 13
-20 13 -96 0 -119 -8 -17 -27 -18 -257 -16 -136 2 -257 3 -268 3 -11 0 -117
-2 -235 -4 -165 -4 -219 -2 -233 8 -14 10 -19 37 -27 126 -9 102 -8 115 7 136
l18 24 7 -37 c4 -20 7 -64 7 -98z m392 -195 c17 -10 23 -10 26 0 7 18 27 15
48 -8 16 -17 16 -21 2 -35 -19 -18 -34 -19 -40 -2 -3 9 -9 9 -26 -1 -18 -10
-25 -10 -46 4 -29 19 -29 20 -12 39 15 18 22 18 48 3z"/>
<path d="M3015 2580 c-76 -16 -150 -50 -210 -96 -72 -55 -130 -85 -210 -110
-50 -16 -90 -19 -235 -18 -170 1 -182 2 -425 52 -137 28 -290 56 -340 63 -119
15 -253 7 -335 -21 -66 -22 -87 -35 -221 -131 -108 -78 -208 -111 -360 -117
-63 -2 -155 1 -203 7 -83 11 -421 75 -458 87 -16 5 -18 -2 -18 -48 l0 -54 213
-42 c244 -48 397 -64 513 -52 150 15 214 42 362 151 107 79 167 104 287 120
110 14 205 4 540 -61 319 -62 414 -73 543 -60 149 14 232 45 347 132 120 89
256 119 448 99 63 -6 224 -33 358 -60 134 -27 277 -53 317 -57 l72 -7 0 51 0
51 -57 6 c-56 7 -236 40 -493 91 -136 27 -365 40 -435 24z"/>
<path d="M3025 2369 c-77 -13 -134 -37 -208 -90 -144 -104 -255 -140 -428
-140 -133 0 -215 11 -498 67 -359 71 -483 78 -628 33 -57 -18 -166 -83 -215
-129 -11 -10 -46 -32 -78 -49 -175 -93 -403 -95 -812 -6 -162 35 -158 35 -158
-22 l0 -48 118 -24 c388 -77 564 -90 715 -52 97 25 141 48 255 132 199 146
334 158 780 69 296 -59 375 -70 511 -70 190 0 275 27 431 135 93 64 135 81
244 97 105 15 243 2 461 -42 179 -37 430 -80 462 -80 21 0 23 5 23 49 l0 48
-92 12 c-51 7 -183 30 -293 52 -323 65 -464 79 -590 58z"/>
<path d="M2995 2146 c-73 -18 -132 -47 -200 -98 -111 -84 -203 -115 -361 -125
-124 -7 -237 6 -494 57 -361 73 -501 85 -627 55 -88 -21 -138 -46 -245 -126
-225 -167 -429 -179 -965 -60 -51 12 -95 21 -98 21 -3 0 -5 -421 -5 -935 l0
-935 2000 0 2000 0 0 1014 0 1014 -27 6 c-16 2 -55 8 -88 11 -33 4 -136 22
-230 42 -361 74 -536 90 -660 59z m-1631 -312 c3 -9 6 -29 6 -45 0 -26 -2 -28
-26 -19 -80 31 -94 -5 -25 -69 38 -35 51 -54 51 -75 0 -76 -66 -109 -182 -90
-37 6 -38 8 -38 46 0 34 3 39 18 33 39 -15 73 -17 87 -5 13 11 8 20 -40 71
-65 68 -70 96 -26 140 27 26 35 29 99 29 54 0 71 -3 76 -16z m328 11 c3 -3 2
-20 -1 -38 l-7 -32 -69 0 c-65 0 -70 -2 -73 -22 -3 -22 0 -23 63 -23 65 0 67
-1 61 -22 -3 -13 -6 -31 -6 -42 0 -13 -5 -16 -16 -12 -9 4 -38 3 -65 0 -39 -5
-49 -10 -49 -25 0 -17 8 -19 75 -19 l75 0 0 -35 0 -35 -131 0 c-119 0 -130 1
-125 18 3 9 8 79 12 155 l7 137 122 0 c67 0 124 -2 127 -5z m342 -142 c28 -79
54 -143 58 -143 4 0 41 65 83 145 l77 146 60 -3 61 -3 22 -65 c12 -36 36 -103
53 -149 18 -47 32 -86 32 -88 0 -2 -25 -3 -55 -3 l-54 0 -12 40 -12 40 -56 0
c-56 0 -56 -1 -72 -39 -16 -38 -18 -39 -73 -43 -31 -1 -80 -1 -110 0 -53 4
-54 4 -65 43 l-12 39 -55 0 c-56 0 -56 0 -71 -40 l-16 -40 -58 0 -57 0 60 113
c32 61 68 131 79 155 l20 43 61 -3 61 -3 51 -142z m598 102 c-1 -22 -5 -75 -8
-117 l-6 -78 71 0 71 0 0 -35 0 -35 -126 0 -126 0 6 38 c3 20 8 90 12 155 l6
118 52 -3 51 -3 -3 -40z"/>
<path d="M1897 1725 l-17 -35 31 0 c27 0 30 3 23 23 -14 46 -20 48 -37 12z"/>
<path d="M2286 1732 c-20 -39 -17 -45 17 -40 23 3 23 5 12 38 l-12 35 -17 -33z"/>
</g>
</svg>

<?xml version="1.0" standalone="no"?>
<!DOCTYPE svg PUBLIC "-//W3C//DTD SVG 20010904//EN"
 "http://www.w3.org/TR/2001/REC-SVG-20010904/DTD/svg10.dtd">
<svg version="1.0" xmlns="http://www.w3.org/2000/svg"
 width="554.000000pt" height="554.000000pt" viewBox="0 0 554.000000 554.000000"
 preserveAspectRatio="xMidYMid meet">

<g transform="translate(0.000000,554.000000) scale(0.100000,-0.100000)"
fill="#000000" stroke="none">
<path d="M2788 4067 c-58 -117 -61 -177 -11 -217 34 -26 56 -25 90 4 40 35 38
108 -5 193 -17 34 -35 64 -40 67 -5 3 -20 -18 -34 -47z m-9 -74 c-15 -56 -20
-63 -13 -18 6 39 11 55 19 55 2 0 -1 -17 -6 -37z m-12 -85 c-3 -8 -6 -5 -6 6
-1 11 2 17 5 13 3 -3 4 -12 1 -19z m23 -28 c0 -5 -2 -10 -4 -10 -3 0 -8 5 -11
10 -3 6 -1 10 4 10 6 0 11 -4 11 -10z"/>
<path d="M1465 3509 c-4 -6 -5 -12 -2 -15 2 -3 7 2 10 11 7 17 1 20 -8 4z"/>
<path d="M1412 3322 c-6 -21 -16 -87 -21 -147 -37 -425 121 -837 434 -1133
298 -282 693 -417 1094 -373 112 13 188 28 145 30 -12 1 -26 11 -33 23 -10 22
-11 22 -6 2 7 -29 -7 -33 -123 -38 -73 -3 -82 -2 -37 3 33 4 49 8 36 9 -22 2
-23 3 -8 20 21 24 24 62 6 95 l-15 27 -2 -46 c-1 -26 -4 -50 -8 -53 -13 -13
-44 43 -44 80 0 28 -4 39 -15 39 -8 0 -15 -9 -15 -20 0 -24 -13 -26 -31 -3
-12 13 -12 17 -1 21 10 3 6 12 -13 32 -25 26 -29 27 -53 14 -15 -8 -49 -13
-77 -13 l-50 2 58 7 c92 12 168 76 154 129 -4 13 -5 13 -6 -2 -2 -28 -30 -65
-68 -88 -41 -26 -133 -28 -188 -4 l-35 14 -2 158 c-1 121 -3 140 -7 80 -4 -44
-10 -76 -16 -75 -5 2 -10 8 -11 13 -1 28 -17 55 -33 55 -19 0 -47 82 -30 88
24 9 5 22 -31 22 -29 0 -40 4 -40 15 0 18 -14 19 -41 4 -11 -5 -16 -15 -13
-21 5 -7 12 -5 20 7 8 10 17 16 20 12 3 -3 -3 -18 -15 -33 -11 -15 -21 -22
-21 -15 0 6 -6 11 -14 11 -23 0 -13 33 16 56 l27 21 -28 27 c-21 20 -30 24
-34 14 -11 -25 -47 31 -47 73 0 28 -4 39 -15 39 -8 0 -15 -9 -15 -20 0 -24
-13 -26 -31 -4 -10 12 -10 17 -1 23 8 5 3 16 -17 35 -21 20 -30 24 -34 14 -3
-10 -9 -9 -23 6 -15 14 -16 20 -6 23 10 4 6 13 -14 34 -21 21 -30 26 -36 17
-15 -22 -48 29 -48 73 0 39 0 39 -40 39 -40 0 -40 0 -40 39 0 37 2 39 38 45
20 3 57 6 82 7 25 0 39 3 32 6 -8 3 -52 2 -98 -2 -61 -5 -84 -11 -84 -20 0 -8
-8 -19 -17 -24 -14 -8 -14 -10 -3 -11 25 0 -3 -17 -40 -23 -35 -6 -35 -6 -10
8 23 13 23 14 5 15 -14 1 -8 7 20 20 65 30 18 22 -87 -14 -81 -29 -97 -32
-102 -19 -9 23 -1 29 74 59 75 29 93 49 35 38 -22 -4 -35 -2 -35 5 0 6 7 8 16
4 9 -3 20 0 24 7 6 10 12 11 22 3 9 -8 21 -7 43 3 l30 13 -37 -5 c-26 -4 -38
-2 -38 6 0 6 8 9 18 6 9 -3 33 4 52 15 19 11 26 18 15 15 -99 -24 -151 -39
-190 -56 -59 -25 -75 -25 -75 0 0 23 52 53 125 71 36 9 43 14 31 21 -9 5 -23
5 -33 -1 -10 -5 -38 -17 -63 -27 -25 -10 -53 -24 -62 -32 -12 -10 -18 -11 -18
-3 0 6 12 17 28 24 39 17 55 34 39 41 -6 3 7 2 29 -1 27 -3 44 -1 49 7 6 9 -1
11 -26 6 l-34 -5 33 11 c27 9 40 8 68 -5 44 -22 81 -23 40 -2 -15 8 -35 15
-43 15 -8 0 -11 5 -8 10 3 6 0 10 -8 10 -12 0 -122 -36 -170 -55 -16 -7 -18
-3 -15 21 3 27 10 31 98 61 52 17 87 32 77 32 -11 1 -15 6 -11 12 3 6 -4 5
-16 -3 -58 -34 -65 -37 -74 -28 -13 13 -29 13 -21 0 6 -10 -44 -35 -52 -26 -3
2 5 7 18 11 14 5 18 10 10 15 -18 10 76 44 126 45 22 0 36 3 30 7 -21 13 -54
9 -125 -17 -83 -30 -79 -30 -92 -5 -9 16 -6 22 17 35 l28 16 -27 -6 c-16 -3
-28 -1 -28 4 0 5 -8 12 -17 15 -10 3 -1 3 19 0 25 -3 39 0 45 9 4 8 26 24 48
35 54 29 30 27 -36 -2 -59 -25 -79 -24 -79 5 0 21 74 63 137 78 29 7 32 9 13
10 -14 0 -49 -10 -79 -24 -58 -27 -94 -26 -84 3 6 15 5 15 -8 2 -9 -8 -18 -42
-22 -75 -4 -38 -3 -53 3 -40 7 17 9 17 9 3 1 -10 6 -18 12 -18 5 0 8 -4 5 -9
-4 -5 4 -7 16 -4 22 5 22 4 -2 -16 l-25 -20 -6 27 -7 27 -2 -30 -2 -30 -9 35
c-8 32 -1 122 17 208 9 44 0 40 -14 -6z m48 -92 c0 -5 -4 -10 -9 -10 -5 0 -7
-12 -5 -27 4 -22 2 -25 -7 -16 -13 13 -4 63 11 63 6 0 10 -4 10 -10z m22 -170
c-2 -3 -7 1 -10 9 -4 11 -6 11 -13 0 -7 -11 -9 -11 -9 3 0 22 23 29 31 9 4 -9
4 -18 1 -21z m-75 -22 c-3 -8 -6 -5 -6 6 -1 11 2 17 5 13 3 -3 4 -12 1 -19z
m19 -60 c4 -7 3 -8 -4 -4 -7 4 -12 0 -12 -10 0 -10 -3 -15 -6 -11 -7 6 2 37
10 37 3 0 8 -5 12 -12z m144 -17 c0 -5 -11 -16 -25 -25 -21 -14 -24 -14 -19
-1 4 8 12 15 20 15 8 0 14 5 14 10 0 6 2 10 5 10 3 0 5 -4 5 -9z m-153 -68
c-3 -10 -5 -4 -5 12 0 17 2 24 5 18 2 -7 2 -21 0 -30z m233 -33 c-8 -5 -19
-10 -25 -10 -5 0 -3 5 5 10 8 5 20 10 25 10 6 0 3 -5 -5 -10z m-50 -20 c0 -5
-2 -10 -4 -10 -3 0 -8 5 -11 10 -3 6 -1 10 4 10 6 0 11 -4 11 -10z m87 4 c-3
-3 -12 -4 -19 -1 -8 3 -5 6 6 6 11 1 17 -2 13 -5z m53 -74 c-20 -13 -33 -13
-25 0 3 6 14 10 23 10 15 0 15 -2 2 -10z m-60 -14 c0 -2 -7 -7 -16 -10 -8 -3
-12 -2 -9 4 6 10 25 14 25 6z m699 -538 c6 -35 20 -97 32 -138 32 -116 34
-136 14 -144 -26 -10 -60 17 -71 56 -9 31 -12 33 -61 36 l-52 3 -20 -46 c-18
-40 -24 -45 -52 -45 -30 0 -31 2 -26 33 6 40 28 96 45 117 8 8 36 51 64 95 56
87 63 95 94 95 19 0 23 -9 33 -62z m-126 0 c-10 -21 -10 -21 -9 9 1 19 5 28
10 23 6 -6 5 -18 -1 -32z m197 -122 c0 -3 -4 -8 -10 -11 -5 -3 -10 -1 -10 4 0
6 5 11 10 11 6 0 10 -2 10 -4z m10 -80 c-13 -13 -17 -7 -24 29 -5 24 -4 26 3
10 9 -19 10 -18 11 5 2 24 2 24 11 -5 5 -18 5 -33 -1 -39z m19 -60 c1 -6 -5
-1 -13 9 -8 11 -12 24 -8 29 5 9 20 -17 21 -38z m241 -81 c0 -8 -4 -15 -9 -15
-13 0 -22 16 -14 24 11 11 23 6 23 -9z m-51 1 c-2 -2 -29 -6 -59 -9 -34 -3
-47 -2 -35 3 19 8 103 14 94 6z m236 -86 c3 -5 1 -10 -4 -10 -6 0 -11 5 -11
10 0 6 2 10 4 10 3 0 8 -4 11 -10z m-332 -97 c-7 -2 -19 -2 -25 0 -7 3 -2 5
12 5 14 0 19 -2 13 -5z m95 -10 c-10 -2 -26 -2 -35 0 -10 3 -2 5 17 5 19 0 27
-2 18 -5z"/>
<path d="M2302 2132 c-16 -35 -15 -41 8 -35 16 4 19 11 13 32 -3 14 -6 27 -7
28 -1 1 -7 -10 -14 -25z"/>
<path d="M1708 3303 c7 -3 16 -2 19 1 4 3 -2 6 -13 5 -11 0 -14 -3 -6 -6z"/>
<path d="M1519 3283 c-13 -15 -12 -15 9 -4 23 12 28 21 13 21 -5 0 -15 -7 -22
-17z"/>
<path d="M1648 3293 c6 -2 18 -2 25 0 6 3 1 5 -13 5 -14 0 -19 -2 -12 -5z"/>
<path d="M1658 3233 c6 -2 18 -2 25 0 6 3 1 5 -13 5 -14 0 -19 -2 -12 -5z"/>
<path d="M1593 3178 c7 -5 1 -8 -14 -8 -15 0 -29 -7 -33 -15 -7 -18 25 -12 87
15 l37 17 -44 -1 c-24 -1 -39 -4 -33 -8z"/>
<path d="M1853 3153 c9 -2 23 -2 30 0 6 3 -1 5 -18 5 -16 0 -22 -2 -12 -5z"/>
<path d="M1745 3140 c4 -6 11 -8 16 -5 14 9 11 15 -7 15 -8 0 -12 -5 -9 -10z"/>
<path d="M1705 3130 c3 -5 14 -10 23 -10 15 0 15 2 2 10 -20 13 -33 13 -25 0z"/>
<path d="M1792 3100 c-29 -4 -56 -11 -59 -14 -7 -6 63 1 132 14 32 6 34 8 10
8 -16 0 -54 -4 -83 -8z"/>
<path d="M1978 3103 c7 -3 16 -2 19 1 4 3 -2 6 -13 5 -11 0 -14 -3 -6 -6z"/>
<path d="M1800 3046 c0 -2 11 -6 25 -8 13 -3 22 -1 19 3 -5 9 -44 13 -44 5z"/>
<path d="M2008 3043 c7 -3 16 -2 19 1 4 3 -2 6 -13 5 -11 0 -14 -3 -6 -6z"/>
<path d="M1748 3032 c-17 -7 -16 -8 2 -19 16 -11 18 -10 14 1 -3 8 2 16 13 19
11 3 12 5 3 5 -8 0 -23 -3 -32 -6z"/>
<path d="M1795 2989 c4 -5 22 -9 42 -9 45 0 40 5 -10 13 -22 3 -35 2 -32 -4z"/>
<path d="M2058 2983 c6 -2 18 -2 25 0 6 3 1 5 -13 5 -14 0 -19 -2 -12 -5z"/>
<path d="M1893 2933 c15 -2 37 -2 50 0 12 2 0 4 -28 4 -27 0 -38 -2 -22 -4z"/>
<path d="M2033 2933 c9 -2 25 -2 35 0 9 3 1 5 -18 5 -19 0 -27 -2 -17 -5z"/>
<path d="M1833 2903 c9 -2 23 -2 30 0 6 3 -1 5 -18 5 -16 0 -22 -2 -12 -5z"/>
<path d="M1960 2889 l-45 -6 58 -1 c31 -1 57 0 57 2 0 9 -28 11 -70 5z"/>
<path d="M1835 2880 c3 -5 15 -10 26 -10 10 0 19 5 19 10 0 6 -12 10 -26 10
-14 0 -23 -4 -19 -10z"/>
<path d="M2053 2883 c9 -2 23 -2 30 0 6 3 -1 5 -18 5 -16 0 -22 -2 -12 -5z"/>
<path d="M2108 2873 c6 -2 18 -2 25 0 6 3 1 5 -13 5 -14 0 -19 -2 -12 -5z"/>
<path d="M1760 2862 c0 -4 16 -6 35 -4 19 2 35 6 35 8 0 2 -16 4 -35 4 -19 0
-35 -4 -35 -8z"/>
<path d="M2238 2783 c7 -3 16 -2 19 1 4 3 -2 6 -13 5 -11 0 -14 -3 -6 -6z"/>
<path d="M3078 2405 c-34 -23 -58 -67 -58 -106 0 -11 5 -19 11 -19 5 0 7 -5 3
-11 -10 -16 55 -68 95 -75 50 -10 97 17 123 70 21 43 21 46 4 88 -28 75 -110
99 -178 53z m34 -27 c-7 -7 -12 -8 -12 -2 0 14 12 26 19 19 2 -3 -1 -11 -7
-17z m-32 4 c0 -4 -10 -13 -22 -21 -23 -14 -23 -14 -4 8 20 22 26 25 26 13z
m40 -132 c13 -8 12 -10 -3 -10 -10 0 -15 -5 -12 -10 4 -6 11 -7 17 -4 7 4 8 2
4 -4 -5 -9 -13 -9 -29 0 -14 7 -17 13 -9 16 6 2 10 8 6 13 -7 12 7 11 26 -1z"/>
<path d="M2335 2330 c4 -6 11 -8 16 -5 14 9 11 15 -7 15 -8 0 -12 -5 -9 -10z"/>
<path d="M2368 2303 c6 -2 18 -2 25 0 6 3 1 5 -13 5 -14 0 -19 -2 -12 -5z"/>
<path d="M2486 2294 c-9 -24 -2 -26 12 -4 7 11 8 20 3 20 -5 0 -12 -7 -15 -16z"/>
<path d="M2560 2295 c14 -8 32 -14 40 -14 8 0 0 6 -19 14 -42 19 -54 19 -21 0z"/>
<path d="M2625 2270 c3 -5 8 -10 11 -10 2 0 4 5 4 10 0 6 -5 10 -11 10 -5 0
-7 -4 -4 -10z"/>
<path d="M2685 2240 c3 -5 8 -10 11 -10 2 0 4 5 4 10 0 6 -5 10 -11 10 -5 0
-7 -4 -4 -10z"/>
<path d="M2796 2213 c-6 -14 -5 -15 5 -6 7 7 10 15 7 18 -3 3 -9 -2 -12 -12z"/>
<path d="M2560 2100 l0 -110 49 1 c60 2 93 26 96 67 1 21 -2 29 -12 25 -7 -3
-13 2 -13 12 0 9 -5 13 -11 10 -7 -5 -5 -13 5 -24 29 -32 13 -71 -28 -71 -19
0 -21 6 -20 57 l2 58 -7 -55 c-5 -46 -9 -55 -26 -55 -18 0 -20 7 -22 88 l-3
87 28 -5 c15 -3 20 -2 12 1 -8 4 -23 11 -32 16 -17 8 -18 0 -18 -102z"/>
<path d="M2766 2165 c24 -39 24 -40 24 -28 0 6 -9 21 -21 34 l-20 24 17 -30z"/>
<path d="M2880 2159 c-7 -11 -10 -23 -7 -25 2 -2 9 7 15 21 14 30 7 33 -8 4z"/>
<path d="M2660 2146 c0 -2 7 -9 15 -16 9 -7 15 -8 15 -2 0 5 -7 12 -15 16 -8
3 -15 4 -15 2z"/>
<path d="M2593 2075 c0 -33 2 -45 4 -27 2 18 2 45 0 60 -2 15 -4 0 -4 -33z"/>
<path d="M2643 2075 c0 -22 2 -30 4 -17 2 12 2 30 0 40 -3 9 -5 -1 -4 -23z"/>
<path d="M2791 2094 c0 -11 3 -14 6 -6 3 7 2 16 -1 19 -3 4 -6 -2 -5 -13z"/>
<path d="M2806 2074 c-4 -9 -4 -19 -1 -22 3 -3 5 0 5 8 0 10 3 10 15 0 9 -7
14 -18 12 -24 -3 -7 4 -12 14 -12 17 0 17 2 -4 26 -12 14 -25 29 -28 33 -3 5
-9 1 -13 -9z"/>
<path d="M2660 2048 c0 -9 -6 -19 -12 -21 -10 -4 -10 -6 0 -6 14 -1 28 26 18
36 -3 4 -6 -1 -6 -9z"/>
<path d="M2884 1978 c0 -26 5 -43 10 -38 5 5 4 25 -2 47 l-10 38 2 -47z"/>
<path d="M2987 1940 c3 -11 7 -20 9 -20 2 0 4 9 4 20 0 11 -4 20 -9 20 -5 0
-7 -9 -4 -20z"/>
<path d="M3068 1933 c7 -3 16 -2 19 1 4 3 -2 6 -13 5 -11 0 -14 -3 -6 -6z"/>
<path d="M2890 1915 c-18 -21 -5 -31 15 -12 8 9 11 18 6 21 -5 3 -14 -1 -21
-9z"/>
<path d="M3138 1923 c6 -2 18 -2 25 0 6 3 1 5 -13 5 -14 0 -19 -2 -12 -5z"/>
<path d="M3006 1873 c9 -51 14 -54 14 -10 0 20 -5 39 -11 42 -7 5 -8 -5 -3
-32z"/>
<path d="M2920 1898 c0 -16 23 -68 30 -68 5 0 1 15 -7 33 -17 34 -23 43 -23
35z"/>
<path d="M2900 1846 c0 -5 15 -23 33 -40 19 -17 40 -48 47 -68 14 -38 30 -51
30 -23 0 8 -4 15 -9 15 -4 0 -14 21 -21 46 -8 28 -16 41 -21 33 -5 -9 -15 -4
-33 17 -14 16 -26 25 -26 20z"/>
<path d="M3011 1774 c0 -11 3 -14 6 -6 3 7 2 16 -1 19 -3 4 -6 -2 -5 -13z"/>
<path d="M3250 1760 c-18 -12 -2 -12 25 0 13 6 15 9 5 9 -8 0 -22 -4 -30 -9z"/>
<path d="M3200 1740 c0 -5 7 -7 15 -4 8 4 15 8 15 10 0 2 -7 4 -15 4 -8 0 -15
-4 -15 -10z"/>
<path d="M2960 1735 c0 -5 5 -17 10 -25 5 -8 10 -10 10 -5 0 6 -5 17 -10 25
-5 8 -10 11 -10 5z"/>
<path d="M3158 1723 c7 -3 16 -2 19 1 4 3 -2 6 -13 5 -11 0 -14 -3 -6 -6z"/>
<path d="M2572 1218 c-17 -17 -15 -32 8 -53 21 -19 50 -14 50 8 0 7 -10 23
-23 35 -18 17 -26 19 -35 10z"/>
<path d="M2649 1214 c-12 -14 -9 -20 15 -41 26 -22 30 -23 44 -9 14 14 14 18
-8 41 -28 29 -33 30 -51 9z"/>
<path d="M1284 1199 c-7 -14 -1 -63 17 -157 15 -75 30 -154 34 -174 10 -61 42
-90 106 -96 44 -3 59 0 79 16 23 19 25 19 54 1 46 -28 111 -25 142 6 l25 25
38 -25 c21 -14 54 -28 74 -32 29 -4 37 -2 47 17 11 20 13 20 35 6 34 -22 87
-20 119 5 l26 20 26 -20 c17 -14 41 -21 68 -21 91 0 116 57 90 208 -9 53 -18
101 -21 105 -3 4 1 14 7 22 9 11 7 25 -12 64 -12 28 -26 50 -29 51 -3 0 -10
-10 -16 -22 -7 -17 -3 -54 17 -143 41 -184 42 -189 26 -210 -18 -25 -99 -26
-123 -3 -9 10 -26 79 -44 179 -16 90 -33 173 -38 184 -8 19 -9 19 -21 -7 -10
-21 -10 -37 0 -75 26 -103 48 -257 40 -274 -22 -41 -108 -31 -148 17 -15 19
-40 50 -56 69 -38 47 -78 48 -106 3 -11 -18 -20 -42 -20 -54 0 -39 -25 -59
-73 -59 -57 0 -87 25 -87 71 0 26 -4 32 -15 28 -8 -4 -15 -18 -15 -33 0 -35
-10 -48 -44 -61 -35 -13 -78 -5 -99 18 -9 10 -26 82 -42 177 -14 88 -28 168
-31 178 -7 23 -19 22 -30 -4z m559 -309 c27 -31 43 -68 33 -77 -14 -14 -136
50 -136 73 0 18 23 34 51 34 18 0 36 -10 52 -30z"/>
<path d="M4290 1205 c-15 -18 -11 -56 24 -209 15 -65 24 -127 20 -138 -14 -44
-129 -48 -159 -6 -18 27 -28 19 -19 -16 10 -42 49 -66 109 -66 94 0 118 56 90
209 -10 51 -15 105 -12 120 4 18 -2 44 -18 74 -19 39 -25 44 -35 32z"/>
<path d="M3496 1188 c-13 -21 -13 -31 5 -108 27 -114 49 -238 49 -277 0 -39
16 -43 31 -9 9 18 6 55 -10 156 -23 138 -46 248 -55 257 -2 3 -11 -6 -20 -19z"/>
<path d="M4431 1186 c-11 -20 -9 -41 12 -137 14 -63 32 -154 39 -202 10 -76
14 -86 25 -71 19 26 16 82 -13 234 -13 74 -27 150 -31 168 -7 38 -15 40 -32 8z"/>
<path d="M3291 1156 c-25 -26 -22 -60 6 -70 12 -5 13 -9 3 -21 -7 -8 -11 -15
-9 -15 2 1 27 7 54 14 64 17 73 43 15 43 -43 0 -67 14 -56 32 10 15 46 14 46
-1 0 -9 3 -9 9 1 27 42 -32 56 -68 17z"/>
<path d="M2682 1088 c-7 -7 -12 -21 -12 -32 0 -13 -22 -40 -55 -69 -56 -49
-75 -91 -60 -136 9 -29 72 -47 123 -34 35 9 41 8 70 -19 28 -24 40 -28 95 -28
77 0 109 15 121 58 11 38 -2 88 -38 147 l-24 40 -12 -26 c-10 -23 -8 -33 19
-81 36 -63 32 -71 -37 -82 -58 -9 -105 1 -120 24 -6 11 -19 68 -28 127 -18
115 -23 130 -42 111z m17 -155 c6 -28 6 -52 1 -57 -5 -5 -30 -9 -55 -10 -51
-1 -70 16 -54 46 9 17 77 68 91 68 3 0 11 -21 17 -47z"/>
<path d="M3663 1051 c-11 -17 -9 -23 14 -40 33 -26 40 -26 48 1 6 16 1 26 -16
39 -30 23 -32 23 -46 0z"/>
<path d="M1080 1033 c0 -16 -7 -37 -16 -48 -29 -39 -37 -94 -19 -141 20 -52
51 -74 108 -74 60 0 87 29 87 92 0 26 -4 58 -9 71 -8 21 -129 127 -145 127 -3
0 -6 -12 -6 -27z m53 -64 c38 -20 87 -72 87 -94 0 -30 -53 -59 -93 -51 -67 14
-85 63 -44 123 25 38 22 36 50 22z"/>
<path d="M3369 986 c-10 -21 -7 -32 20 -77 42 -67 32 -80 -64 -82 l-67 -2 -38
43 c-21 23 -40 42 -43 42 -2 0 -7 -9 -10 -20 -4 -14 6 -36 29 -66 l35 -45 -20
-44 c-25 -57 -72 -88 -123 -81 -21 2 -38 0 -38 -5 0 -13 107 -41 130 -34 29 9
71 76 77 122 l5 38 74 0 c57 0 77 4 91 18 27 26 23 101 -7 160 -30 60 -37 65
-51 33z"/>
<path d="M3905 965 c-30 -29 -30 -36 -7 -78 l17 -32 3 37 c4 47 26 55 109 38
92 -19 93 -23 16 -62 -127 -63 -231 -59 -278 12 -24 36 -31 37 -38 8 -4 -15 3
-33 23 -59 17 -20 30 -47 30 -60 0 -61 -81 -127 -141 -115 -51 10 -31 -13 25
-29 38 -11 60 -13 78 -6 34 13 72 77 73 121 l0 35 85 1 c92 0 113 8 202 71 27
20 63 39 80 42 19 4 34 15 39 29 8 20 5 22 -29 22 -20 0 -72 11 -115 25 -100
32 -141 32 -172 0z"/>
<path d="M4024 678 c-5 -16 -1 -27 16 -40 28 -23 37 -23 50 1 8 16 5 23 -19
40 -36 26 -38 26 -47 -1z"/>
<path d="M1502 668 c-18 -18 -14 -34 13 -52 45 -30 62 4 22 42 -18 17 -26 19
-35 10z"/>
<path d="M1582 668 c-18 -18 -15 -24 17 -48 l30 -21 11 21 c9 17 7 24 -12 40
-27 23 -30 24 -46 8z"/>
<path d="M2865 659 c-12 -38 47 -80 61 -44 7 17 -9 41 -37 56 -14 7 -19 4 -24
-12z"/>
<path d="M2945 663 c-4 -13 2 -25 21 -40 26 -20 29 -20 40 -5 10 14 9 21 -8
40 -26 26 -43 28 -53 5z"/>
<path d="M1846 455 c-3 -8 -2 -15 3 -15 5 0 14 7 21 15 10 12 10 15 -3 15 -8
0 -17 -7 -21 -15z"/>
<path d="M1437 413 c-4 -3 -7 -46 -7 -95 l0 -88 65 0 c51 0 65 3 65 15 0 11
-12 15 -45 15 l-45 0 0 80 c0 60 -3 80 -13 80 -8 0 -17 -3 -20 -7z"/>
<path d="M1610 390 c-30 -28 -32 -34 -27 -77 3 -33 12 -52 28 -64 27 -21 79
-25 96 -8 8 8 13 8 17 0 15 -24 26 -8 26 39 l0 50 -40 0 c-29 0 -40 -4 -40
-15 0 -9 9 -15 21 -15 14 0 19 -5 17 -17 -4 -20 -54 -29 -78 -14 -19 13 -19
83 -1 105 17 20 55 21 71 1 14 -17 40 -20 40 -6 0 16 -52 51 -75 51 -13 0 -37
-14 -55 -30z"/>
<path d="M1960 323 c0 -76 3 -93 15 -93 11 0 15 11 15 40 0 42 8 47 58 34 17
-5 22 -14 22 -40 0 -28 4 -34 21 -34 18 0 20 4 14 33 -4 17 -12 37 -17 44 -6
8 -4 20 6 35 14 21 14 26 1 45 -12 17 -28 22 -75 25 l-60 3 0 -92z m105 37 c0
-22 -5 -25 -37 -28 -36 -3 -38 -2 -38 28 0 30 2 31 38 28 32 -3 37 -6 37 -28z"/>
<path d="M2160 414 c-14 -4 -16 -33 -11 -166 1 -10 8 -18 16 -18 12 0 15 17
15 95 0 52 -1 94 -2 94 -2 -1 -10 -3 -18 -5z"/>
<path d="M2220 323 l0 -93 70 0 c56 0 70 3 70 15 0 11 -12 15 -50 15 -47 0
-50 2 -50 25 0 23 4 25 45 25 33 0 45 4 45 15 0 11 -12 15 -45 15 -41 0 -45 2
-45 25 0 24 3 25 47 23 28 -2 48 1 50 9 3 8 -18 12 -66 15 l-71 3 0 -92z"/>
<path d="M2390 324 c0 -76 3 -94 15 -94 17 0 30 59 21 95 -11 43 9 28 49 -36
53 -86 69 -79 73 32 3 79 1 87 -17 92 -18 4 -20 -1 -23 -61 l-3 -66 -37 61
c-21 33 -47 63 -58 66 -19 5 -20 0 -20 -89z"/>
<path d="M2723 413 c-9 -3 -13 -26 -13 -64 0 -32 -3 -59 -7 -59 -5 0 -23 27
-41 60 -23 42 -39 60 -52 60 -18 0 -20 -7 -20 -90 0 -73 3 -90 15 -90 12 0 15
14 15 68 l1 67 42 -67 c26 -42 49 -68 60 -68 15 0 17 11 17 95 0 52 -1 95 -2
94 -2 0 -9 -3 -15 -6z"/>
<path d="M2780 323 l0 -93 70 0 c56 0 70 3 70 15 0 11 -12 15 -50 15 -47 0
-50 2 -50 25 0 23 4 25 45 25 33 0 45 4 45 15 0 11 -12 15 -45 15 -42 0 -45 2
-45 26 0 22 4 25 28 24 48 -3 72 0 72 9 0 5 -32 11 -70 13 l-70 3 0 -92z"/>
<path d="M3025 411 c-7 -7 -6 -132 2 -160 5 -22 10 -23 61 -19 68 6 92 30 92
92 0 63 -17 79 -89 86 -34 3 -64 4 -66 1z m113 -49 c17 -22 15 -67 -4 -86 -8
-9 -29 -16 -45 -16 l-29 0 0 66 0 66 33 -7 c17 -4 38 -14 45 -23z"/>
<path d="M3400 395 c-21 -23 -22 -26 -7 -48 8 -13 33 -29 56 -35 49 -15 60
-31 36 -49 -26 -18 -42 -16 -65 7 -11 11 -24 20 -30 20 -18 0 -10 -29 12 -44
52 -37 137 -5 124 47 -5 20 -18 30 -56 44 -34 12 -50 23 -50 35 0 23 58 25 66
3 8 -19 34 -20 34 -1 0 21 -39 46 -70 46 -15 0 -37 -11 -50 -25z"/>
<path d="M3630 323 l0 -93 70 0 c56 0 70 3 70 15 0 11 -12 15 -50 15 -48 0
-50 1 -50 28 0 26 2 27 45 24 36 -3 45 -1 45 12 0 12 -10 16 -45 16 -41 0 -45
2 -45 25 0 23 3 25 50 25 76 0 60 18 -20 22 l-70 3 0 -92z"/>
<path d="M3982 337 c4 -90 16 -107 78 -107 55 0 74 27 78 109 4 62 2 69 -17
74 -19 5 -20 0 -23 -72 l-3 -76 -37 -3 -38 -3 0 78 c0 73 -1 79 -21 79 -20 0
-21 -5 -17 -79z"/>
<path d="M4170 414 c0 -3 11 -22 25 -42 14 -20 25 -40 25 -45 0 -5 -14 -28
-30 -53 -28 -40 -29 -44 -11 -44 11 0 28 14 41 37 l22 37 21 -37 c12 -21 29
-37 39 -37 23 0 23 4 -7 48 -31 45 -31 51 -1 95 19 28 21 37 11 41 -8 3 -24
-8 -36 -26 l-22 -31 -23 28 c-19 25 -54 43 -54 29z"/>
<path d="M1293 393 c-3 -10 -19 -51 -34 -90 -25 -68 -26 -73 -9 -73 10 0 22 9
25 20 9 29 81 29 90 0 3 -11 13 -20 21 -20 17 0 13 24 -21 115 -17 44 -28 61
-44 63 -13 2 -24 -3 -28 -15z m46 -63 c10 -29 9 -30 -19 -30 -28 0 -29 1 -19
30 6 17 15 30 19 30 4 0 13 -13 19 -30z"/>
<path d="M1790 320 l0 -90 65 0 c51 0 65 3 65 15 0 11 -12 15 -50 15 -47 0
-50 2 -50 25 0 23 4 25 45 25 33 0 45 4 45 15 0 11 -12 15 -45 15 -41 0 -45 2
-45 25 0 24 2 25 50 19 42 -5 50 -3 50 10 0 13 -12 16 -65 16 l-65 0 0 -90z"/>
<path d="M3220 320 l0 -90 70 0 c54 0 70 3 70 14 0 11 -15 16 -52 18 -46 3
-53 6 -56 26 -3 20 1 22 42 22 33 0 46 4 46 14 0 10 -14 16 -42 18 -35 2 -43
7 -43 23 0 17 7 20 44 21 25 0 47 6 49 12 2 8 -16 12 -62 12 l-66 0 0 -90z"/>
<path d="M3834 363 c-9 -27 -23 -63 -31 -82 -17 -42 -16 -51 1 -51 8 0 17 9
21 19 4 13 17 20 46 23 35 3 40 1 45 -19 4 -14 14 -23 25 -23 19 0 20 -2 -40
153 -17 44 -46 35 -67 -20z m62 -60 c-2 -3 -15 -3 -29 -1 -25 3 -25 4 -11 38
l15 35 15 -34 c8 -19 12 -36 10 -38z"/>
</g>
</svg>

<?xml version="1.0" standalone="no"?>
<!DOCTYPE svg PUBLIC "-//W3C//DTD SVG 20010904//EN"
 "http://www.w3.org/TR/2001/REC-SVG-20010904/DTD/svg10.dtd">
<svg version="1.0" xmlns="http://www.w3.org/2000/svg"
 width="220.000000pt" height="200.000000pt" viewBox="0 0 220.000000 200.000000"
 preserveAspectRatio="xMidYMid meet">

<g transform="translate(0.000000,200.000000) scale(0.100000,-0.100000)"
fill="#000000" stroke="none">
<path d="M891 1715 c0 -38 3 -75 7 -81 9 -15 282 -19 282 -4 0 5 -16 10 -35
10 l-35 0 0 49 c0 28 -5 53 -11 57 -7 4 -9 -10 -4 -50 l7 -56 -45 0 c-39 0
-44 2 -40 19 3 11 -2 21 -12 25 -23 9 -38 -3 -32 -25 4 -16 0 -19 -28 -19 -33
0 -34 0 -40 58 -10 89 -13 93 -14 17z"/>
<path d="M1145 1750 c-3 -5 1 -10 10 -10 9 0 13 5 10 10 -3 6 -8 10 -10 10 -2
0 -7 -4 -10 -10z"/>
<path d="M805 1740 c3 -5 11 -10 16 -10 6 0 7 5 4 10 -3 6 -11 10 -16 10 -6 0
-7 -4 -4 -10z"/>
<path d="M980 1741 c0 -5 5 -13 10 -16 6 -3 10 -2 10 4 0 5 -4 13 -10 16 -5 3
-10 2 -10 -4z"/>
<path d="M826 1681 c-3 -5 1 -11 9 -15 8 -3 15 -1 15 4 0 13 -18 22 -24 11z"/>
<path d="M1167 1684 c-6 -10 9 -42 16 -34 3 3 1 14 -3 24 -3 11 -9 15 -13 10z"/>
<path d="M1232 1678 c-18 -18 -14 -48 7 -56 11 -4 58 -6 105 -4 81 3 86 5 85
25 0 12 -3 16 -6 10 -7 -19 -23 -16 -23 5 -1 16 -1 16 -11 0 -5 -10 -21 -18
-34 -18 -17 0 -25 6 -25 18 -1 16 -1 16 -14 0 -19 -26 -43 -22 -50 7 -7 28
-16 31 -34 13z m26 -26 c2 -7 -3 -12 -12 -12 -9 0 -16 7 -16 16 0 17 22 14 28
-4z"/>
<path d="M829 1614 c-7 -9 -22 -20 -34 -24 -20 -9 -20 -9 1 -9 21 -1 62 34 52
44 -3 3 -11 -2 -19 -11z"/>
<path d="M1225 1579 c-27 -17 -28 -19 -8 -19 12 0 27 9 33 20 13 24 13 24 -25
-1z"/>
<path d="M863 1343 c-124 -235 -233 -443 -233 -448 0 -2 106 -6 235 -7 l234
-3 -89 -168 c-50 -92 -90 -170 -90 -172 0 -3 44 -5 98 -5 l97 0 31 58 c67 122
244 461 244 466 0 3 -106 7 -235 8 l-234 3 89 169 c50 92 90 170 90 172 0 2
-44 4 -98 4 l-97 0 -42 -77z"/>
<path d="M1250 1376 c-153 -67 -196 -93 -210 -126 -30 -72 22 -160 95 -160
l35 0 80 160 c44 88 79 160 78 160 -2 0 -37 -15 -78 -34z"/>
<path d="M1480 1376 c-153 -67 -196 -93 -210 -126 -30 -72 22 -160 95 -160
l35 0 80 160 c44 88 79 160 78 160 -2 0 -37 -15 -78 -34z"/>
<path d="M1153 305 c0 -33 2 -45 4 -27 2 18 2 45 0 60 -2 15 -4 0 -4 -33z"/>
<path d="M753 323 c-24 -9 -13 -31 20 -42 25 -9 29 -14 17 -21 -13 -8 -12 -10
3 -10 26 0 22 38 -5 42 -12 2 -23 9 -26 17 -4 11 2 12 24 7 21 -5 25 -4 14 4
-16 10 -28 11 -47 3z"/>
<path d="M856 317 c-26 -19 -18 -61 12 -65 46 -7 72 47 33 68 -25 13 -24 13
-45 -3z m42 -30 c3 -22 -1 -27 -18 -27 -26 0 -37 25 -20 45 18 22 34 13 38
-18z"/>
<path d="M988 318 c7 -7 12 -25 12 -40 0 -15 5 -28 10 -28 17 0 12 67 -6 74
-24 9 -29 7 -16 -6z"/>
<path d="M1056 314 c-19 -18 -19 -20 -6 -45 11 -19 60 -28 60 -10 0 4 -11 6
-25 3 -15 -2 -25 0 -25 7 0 6 14 11 30 11 17 0 30 4 30 9 0 12 -29 41 -40 41
-5 0 -16 -7 -24 -16z m42 -12 c2 -7 -6 -12 -17 -12 -21 0 -27 11 -14 24 9 9
26 2 31 -12z"/>
<path d="M1200 316 c-6 -8 -10 -25 -8 -38 2 -18 9 -23 31 -23 20 1 27 -4 24
-15 -2 -10 -12 -14 -32 -13 -25 2 -27 1 -10 -7 28 -12 32 -12 49 6 20 19 22
94 3 94 -7 0 -13 -11 -12 -27 0 -18 -6 -29 -16 -31 -24 -5 -32 28 -13 49 10
11 12 19 7 19 -6 0 -16 -7 -23 -14z"/>
<path d="M1329 321 c18 -11 23 -41 11 -56 -7 -8 -5 -12 5 -12 21 0 20 63 -1
71 -23 9 -31 7 -15 -3z"/>
<path d="M950 285 c0 -19 2 -35 4 -35 2 0 6 16 8 35 2 19 0 35 -4 35 -4 0 -8
-16 -8 -35z"/>
<path d="M1403 313 c22 -6 22 -12 -5 -40 l-21 -23 39 1 c23 1 30 4 17 6 -28 5
-29 11 -1 40 l21 23 -34 -1 c-19 -1 -26 -3 -16 -6z"/>
<path d="M1295 280 c-7 -12 2 -30 16 -30 6 0 7 5 3 11 -3 6 0 15 7 20 11 7 11
9 -3 9 -9 0 -20 -4 -23 -10z"/>
<path d="M745 260 c3 -5 11 -10 16 -10 6 0 7 5 4 10 -3 6 -11 10 -16 10 -6 0
-7 -4 -4 -10z"/>
</g>
</svg>

<?xml version="1.0" standalone="no"?>
<!DOCTYPE svg PUBLIC "-//W3C//DTD SVG 20010904//EN"
 "http://www.w3.org/TR/2001/REC-SVG-20010904/DTD/svg10.dtd">
<svg version="1.0" xmlns="http://www.w3.org/2000/svg"
 width="512.000000pt" height="512.000000pt" viewBox="0 0 512.000000 512.000000"
 preserveAspectRatio="xMidYMid meet">

<g transform="translate(0.000000,512.000000) scale(0.100000,-0.100000)"
fill="#000000" stroke="none">
<path d="M1465 3148 c-2 -7 -6 -38 -7 -68 -3 -49 -5 -55 -27 -58 -29 -5 -41
12 -41 61 0 25 -4 37 -14 37 -11 0 -16 -14 -18 -47 -3 -46 -4 -48 -33 -48 -28
0 -30 2 -35 48 -3 26 -8 47 -12 47 -5 0 -12 0 -17 0 -6 0 -11 -21 -13 -47 -3
-42 -6 -48 -27 -51 -29 -5 -41 12 -41 61 0 25 -4 37 -14 37 -11 0 -16 -14 -18
-47 -3 -46 -4 -48 -33 -48 -29 0 -30 2 -33 48 -3 38 -7 47 -22 47 -17 0 -19
-9 -22 -77 l-3 -78 -57 2 c-68 2 -80 -18 -23 -37 43 -14 97 1 120 33 15 22 20
22 298 23 155 0 292 4 305 8 21 7 23 13 20 69 -4 73 -21 79 -28 10 -5 -46 -7
-48 -37 -51 l-33 -3 0 50 c0 44 -3 51 -19 51 -17 0 -20 -8 -23 -47 -3 -44 -5
-48 -30 -51 -27 -3 -27 -3 -30 64 -2 43 -8 69 -15 72 -7 2 -15 -2 -18 -10z"/>
<path d="M1750 3110 c-25 -25 -26 -71 -2 -100 14 -18 30 -23 65 -24 33 -1 47
-5 47 -15 0 -11 -12 -13 -60 -8 -58 7 -73 0 -47 -21 38 -31 147 -15 147 22 0
17 39 25 117 23 66 -1 83 13 83 69 0 58 -18 74 -85 74 -79 0 -85 -4 -85 -62 0
-61 -23 -63 -28 -2 -4 49 -23 64 -84 64 -35 0 -54 -6 -68 -20z m101 -20 c22
-13 25 -43 5 -59 -8 -7 -30 -11 -48 -9 -29 3 -33 7 -36 35 -2 23 1 32 15 36
31 8 44 7 64 -3z m200 0 c22 -13 25 -43 5 -59 -8 -7 -30 -11 -48 -9 -29 3 -33
7 -36 35 -2 23 1 32 15 36 31 8 44 7 64 -3z"/>
<path d="M1545 2950 c-9 -15 4 -30 20 -23 8 3 15 9 15 13 0 12 -29 20 -35 10z"/>
<path d="M1595 2950 c-4 -6 -3 -16 3 -22 6 -6 12 -6 17 2 4 6 3 16 -3 22 -6 6
-12 6 -17 -2z"/>
<path d="M1675 2950 c-4 -6 -3 -16 3 -22 6 -6 12 -6 17 2 4 6 3 16 -3 22 -6 6
-12 6 -17 -2z"/>
<path d="M1336 2941 c-3 -5 0 -11 8 -14 8 -3 17 1 20 9 6 15 -19 20 -28 5z"/>
<path d="M1380 2940 c0 -5 7 -10 15 -10 8 0 15 5 15 10 0 6 -7 10 -15 10 -8 0
-15 -4 -15 -10z"/>
</g>
</svg>

<?xml version="1.0" standalone="no"?>
<!DOCTYPE svg PUBLIC "-//W3C//DTD SVG 20010904//EN"
 "http://www.w3.org/TR/2001/REC-SVG-20010904/DTD/svg10.dtd">
<svg version="1.0" xmlns="http://www.w3.org/2000/svg"
 width="1024.000000pt" height="1024.000000pt" viewBox="0 0 1024.000000 1024.000000"
 preserveAspectRatio="xMidYMid meet">

<g transform="translate(0.000000,1024.000000) scale(0.100000,-0.100000)"
fill="#000000" stroke="none">
<path d="M5 9112 c-2 -2 -4 -2053 -5 -4558 l-1 -4554 5121 0 5121 0 -2 4558
-1 4557 -5115 0 c-2813 0 -5116 -2 -5118 -3z m10220 -92 l1 -85 -5106 0 -5105
0 0 85 -1 85 5106 0 5105 0 0 -85z m0 -195 l0 -90 -5105 0 -5105 0 0 90 0 90
5105 0 5105 0 0 -90z m-7460 -444 c3 -6 18 -16 33 -24 15 -7 43 -23 62 -34 19
-11 55 -31 80 -45 25 -14 63 -35 85 -48 22 -13 60 -34 85 -48 25 -13 52 -30
60 -37 14 -11 38 -25 143 -84 20 -11 52 -30 71 -40 18 -11 44 -25 57 -33 13
-7 26 -15 29 -18 3 -3 16 -11 30 -19 55 -32 147 -85 178 -102 48 -28 97 -56
140 -80 20 -12 42 -25 47 -29 6 -5 37 -23 70 -40 33 -18 67 -38 75 -44 18 -13
51 -33 100 -58 19 -10 51 -28 70 -39 54 -32 253 -149 270 -159 8 -4 46 -27 83
-49 38 -23 70 -41 72 -41 3 0 39 -20 81 -45 41 -25 77 -45 80 -45 2 0 27 -15
56 -33 29 -19 73 -45 98 -59 39 -22 89 -51 205 -118 17 -9 76 -45 132 -78 56
-34 124 -73 150 -87 26 -14 62 -34 78 -44 17 -10 46 -27 65 -38 19 -11 70 -41
113 -67 43 -25 81 -46 83 -46 2 0 35 -19 72 -41 67 -42 100 -61 170 -100 143
-81 202 -116 239 -141 23 -15 44 -28 47 -28 4 0 104 -57 224 -127 119 -69 260
-151 312 -181 110 -63 127 -73 233 -136 43 -25 79 -46 82 -46 2 0 39 -21 82
-48 43 -26 89 -53 103 -60 14 -7 41 -22 60 -33 34 -20 244 -144 278 -164 10
-5 63 -36 119 -68 125 -72 182 -121 222 -192 30 -52 31 -60 31 -170 0 -122 -7
-147 -71 -237 -21 -29 -115 -94 -215 -149 -34 -19 -137 -78 -229 -131 -91 -54
-171 -98 -176 -98 -5 0 -9 -4 -9 -10 0 -5 -4 -10 -10 -10 -5 0 -33 -14 -62
-32 -78 -46 -165 -96 -228 -131 -30 -16 -67 -38 -82 -49 -14 -10 -29 -18 -32
-18 -3 0 -34 -17 -69 -39 -54 -33 -337 -197 -449 -259 -19 -11 -68 -40 -109
-65 -73 -44 -221 -129 -369 -212 -41 -23 -100 -57 -130 -75 -30 -18 -68 -41
-85 -50 -16 -9 -155 -90 -308 -179 -152 -88 -279 -161 -282 -161 -2 0 -23 -13
-47 -29 -24 -15 -70 -43 -103 -60 -33 -18 -64 -36 -70 -41 -5 -4 -30 -19 -55
-32 -25 -14 -61 -34 -80 -45 -431 -248 -632 -365 -680 -393 -25 -15 -310 -181
-346 -201 -62 -35 -98 -56 -249 -144 -82 -48 -166 -96 -185 -107 -19 -11 -134
-78 -255 -148 -310 -180 -287 -170 -400 -170 -86 0 -102 3 -153 29 -67 34
-141 105 -171 165 l-21 43 1 3039 c0 1671 1 3047 1 3057 1 9 5 17 10 17 4 0
15 17 24 38 9 20 38 55 65 76 27 21 46 43 43 47 -3 5 1 7 8 4 7 -3 27 4 43 14
25 16 49 20 152 20 67 1 124 -3 128 -8z"/>
<path d="M29 9095 c-1 0 -2 -34 -3 -75 l-2 -75 5096 0 5095 0 0 75 1 75 -5093
0 c-2801 0 -5094 0 -5094 0z m10176 -75 l1 -65 -5085 0 -5086 0 0 65 -1 65
5085 0 5086 0 0 -65z"/>
<path d="M49 9075 c-1 0 -2 -25 -3 -55 l-2 -55 5075 0 5076 0 0 55 1 55 -5073
0 c-2790 0 -5074 0 -5074 0z m10136 -55 l1 -45 -5065 0 -5065 0 -1 45 -1 45
5065 0 5065 0 1 -45z"/>
<path d="M69 9055 c-1 0 -2 -16 -3 -35 l-2 -35 5055 0 5055 0 1 35 1 35 -5053
0 c-2779 0 -5053 0 -5054 0z m10096 -35 l2 -25 -5046 0 -5045 0 -1 25 -2 25
5046 0 5045 0 1 -25z"/>
<path d="M89 9035 c0 0 -2 -7 -4 -15 -2 -13 562 -15 5033 -15 4468 0 5035 2
5037 15 2 13 -562 15 -5031 15 -2769 0 -5034 0 -5035 0z m10054 -15 c3 -3
-2255 -5 -5018 -5 -2763 0 -5026 2 -5028 5 -3 3 2255 5 5018 5 2763 0 5026 -2
5028 -5z"/>
<path d="M26 8900 c-1 -3 -2 -39 -2 -80 l1 -75 5095 0 5095 0 0 80 0 80 -5093
0 c-2802 0 -5095 -2 -5096 -5z m10179 -75 l0 -70 -5085 0 -5085 0 0 70 0 70
5085 0 5085 0 0 -70z"/>
<path d="M46 8880 c-1 -3 -2 -30 -2 -60 l1 -55 5075 0 5075 0 0 60 0 60 -5073
0 c-2791 0 -5075 -2 -5076 -5z m10139 -55 l0 -50 -5065 0 -5065 0 0 50 0 50
5065 0 5065 0 0 -50z"/>
<path d="M66 8860 c-1 -3 -2 -21 -2 -40 l1 -35 5055 0 5056 0 0 40 0 40 -5054
0 c-2780 0 -5055 -2 -5056 -5z m10099 -35 l0 -30 -5045 0 -5046 0 0 30 0 30
5046 0 5045 0 0 -30z"/>
<path d="M86 8840 c-1 -3 -2 -12 -2 -20 1 -13 568 -15 5037 -15 5029 0 5035 0
5035 20 0 20 -6 20 -5034 20 -2769 0 -5035 -2 -5036 -5z m10054 -15 c0 -7
-1683 -10 -5023 -10 -3346 0 -5024 3 -5024 10 0 7 1678 10 5024 10 3340 0
5023 -3 5023 -10z"/>
<path d="M2750 5115 l0 -436 218 3 c209 3 219 4 272 29 70 33 121 84 157 157
27 54 28 65 31 226 3 151 2 175 -18 236 -33 104 -105 169 -222 202 -24 7 -128
13 -240 15 l-198 4 0 -436z m417 287 c23 -12 53 -36 66 -54 44 -61 52 -95 52
-228 -1 -149 -18 -212 -73 -265 -46 -46 -96 -59 -217 -60 l-100 0 -3 305 c-1
168 0 311 3 319 9 23 219 10 272 -17z"/>
<path d="M3580 5490 l0 -59 103 -3 102 -3 3 -270 c2 -255 1 -272 -18 -303 -26
-42 -57 -54 -150 -61 l-75 -6 0 -50 0 -50 116 0 c111 0 117 1 165 30 39 25 56
44 81 95 l33 65 0 338 0 337 -180 0 -180 0 0 -60z"/>
<path d="M4114 5536 c-3 -8 -4 -171 -2 -363 4 -380 5 -389 64 -445 47 -43 73
-48 275 -48 l189 0 0 55 0 55 -144 0 c-218 0 -235 12 -238 162 -1 52 2 99 6
106 5 9 52 12 166 12 l158 0 4 56 c1 31 1 58 -1 60 -2 2 -78 4 -168 4 -138 0
-163 2 -164 15 -3 81 0 205 5 214 5 7 66 11 187 11 l179 0 0 60 0 60 -255 0
c-212 0 -257 -2 -261 -14z"/>
<path d="M4794 5536 c-3 -7 -4 -33 -2 -57 l3 -44 193 -3 c153 -2 194 -5 198
-16 13 -33 -195 -375 -364 -601 -33 -43 -45 -69 -46 -95 l-1 -35 300 -3 c165
-1 304 -1 310 2 6 2 8 26 7 55 l-4 51 -198 0 c-110 0 -201 4 -204 8 -2 4 34
64 80 133 178 259 324 521 324 581 l0 38 -295 0 c-243 0 -297 -2 -301 -14z"/>
<path d="M5527 5543 c-2 -5 -2 -32 1 -60 l4 -53 189 0 c153 0 191 -3 195 -14
13 -33 -195 -375 -368 -605 -35 -47 -48 -73 -48 -98 l0 -33 312 2 312 3 0 50
0 50 -202 5 c-125 3 -202 9 -202 15 0 6 49 84 109 175 185 281 295 485 289
537 l-3 28 -292 3 c-160 1 -293 -1 -296 -5z"/>
<path d="M6230 5547 c0 -3 19 -40 43 -83 24 -44 69 -126 99 -184 30 -58 73
-136 94 -175 l39 -70 5 -175 5 -175 73 -3 72 -3 0 176 c0 192 -5 173 73 310
13 22 43 76 66 120 24 44 47 85 51 90 11 15 90 165 90 170 0 3 -31 5 -70 5
l-69 0 -45 -87 c-106 -210 -155 -298 -166 -298 -6 0 -55 86 -108 190 l-98 190
-77 3 c-42 2 -77 1 -77 -1z"/>
<path d="M3850 4136 c0 -194 5 -214 67 -254 32 -22 40 -22 393 -22 322 0 361
2 367 16 10 26 -15 198 -36 245 -42 94 -149 166 -262 176 -69 7 -165 -23 -219
-67 l-34 -28 19 -36 c20 -36 38 -45 51 -25 12 20 108 59 144 59 117 0 220 -95
220 -204 l0 -37 -281 3 -281 3 -24 28 c-23 27 -24 34 -24 173 l0 144 -50 0
-50 0 0 -174z"/>
<path d="M3290 4245 c-80 -18 -104 -30 -150 -71 -50 -45 -82 -111 -88 -181
l-4 -53 115 0 c66 0 118 -4 122 -10 10 -16 -26 -68 -65 -95 -91 -63 -230 -52
-303 23 -48 49 -59 81 -66 182 l-6 85 -48 3 -49 3 4 -103 c3 -82 8 -113 27
-150 42 -86 118 -148 215 -173 77 -20 118 -19 199 7 116 36 187 117 223 250 9
36 10 56 3 63 -6 6 -59 10 -122 10 -99 0 -112 2 -115 18 -2 10 11 32 30 51 27
27 48 37 97 47 l62 12 -3 45 c-2 25 -7 46 -13 47 -5 1 -35 -3 -65 -10z"/>
<path d="M3617 4242 c-34 -37 -15 -82 33 -82 49 0 68 51 32 83 -24 22 -45 21
-65 -1z"/>
<path d="M3600 3985 c0 -117 -10 -150 -57 -183 -16 -11 -39 -22 -53 -23 -21
-3 -25 -10 -27 -42 -2 -27 2 -40 14 -44 24 -9 114 17 150 43 56 42 66 74 71
222 l4 132 -51 0 -51 0 0 -105z"/>
<path d="M4320 3780 c-25 -25 -25 -52 -2 -73 25 -22 45 -21 67 3 40 44 -23
112 -65 70z"/>
<path d="M2950 3604 c-22 -57 44 -99 86 -53 17 19 17 23 3 47 -10 19 -24 28
-47 30 -27 3 -34 -1 -42 -24z"/>
<path d="M3135 3610 c-38 -42 12 -98 64 -70 24 12 29 58 9 78 -18 18 -53 14
-73 -8z"/>
</g>
</svg>
